20667_2qbp              -9.458
20669_2qbr              -8.072
20670_2qbs              -8.456
23330_2qbq              -9.129
23466                   -6.905
23467                   -7.042
23468                   -7.715
23469                   -8.017
23470                   -8.072
23471                   -6.946
23472                   -7.481
23473                   -7.715
23474                   -8.264
23475                   -8.223
23476                   -8.511
23477_corr              -8.030
23479_corr              -8.566
23480                   -8.072
23482_corr              -7.989
23483                   -9.293
23484                   -9.060
23485                   -9.897
23486                   -9.705
