20667_2qbp             -10.218
20669_2qbr              -9.194
20670_2qbs              -8.888
23330_2qbq              -9.503
23466                   -8.541
23467                   -8.209
23468                   -7.809
23469                   -9.286
23470                   -8.367
23471                   -7.698
23472                   -9.264
23473                   -8.968
23474                   -9.130
23475                   -8.999
23476                   -9.702
23477_corr              -8.303
23479_corr              -9.285
23480                   -8.367
23482_corr              -9.357
23483                  -10.286
23484                   -8.983
23485                   -9.570
23486                  -10.307
