20667_2qbp              -8.512
20669_2qbr              -8.578
20670_2qbs              -8.409
23330_2qbq              -8.644
23466                   -8.306
23467                   -8.436
23468                   -8.363
23469                   -8.552
23470                   -8.502
23471                   -8.325
23472                   -8.579
23473                   -8.576
23474                   -8.506
23475                   -8.574
23476                   -8.502
23477_corr              -8.500
23479_corr              -8.525
23480                   -8.502
23482_corr              -8.472
23483                   -8.752
23484                   -8.355
23485                   -8.398
23486                   -8.387
