20667_2qbp                       -50.555
20669_2qbr                       -53.431
20670_2qbs                       -52.728
23330_2qbq                       -47.288
23466                            -50.325
23467                            -48.618
23468                            -50.556
23469                            -48.310
23470                            -37.893
23471                            -47.180
23472                            -42.298
23473                            -51.343
23474                            -43.196
23475                            -52.933
23476                            -54.377
23477_corr                       -51.837
23479_corr                       -52.423
23480                            -37.893
23482_corr                       -46.177
23483                            -48.072
23484                            -33.152
23485                            -50.289
23486                            -42.421
