20667_2qbp             -10.968
20669_2qbr              -9.746
20670_2qbs              -9.636
23330_2qbq             -10.940
23466                   -8.827
23467                   -8.689
23468                   -9.527
23469                   -9.884
23470                   -9.650
23471                   -8.758
23472                   -9.170
23473                   -9.527
23474                   -9.760
23475                   -9.458
23476                   -9.691
23477_corr              -9.280
23479_corr              -9.513
23480                   -9.650
23482_corr              -9.389
23483                  -11.188
23484                  -10.693
23485                  -10.844
23486                  -10.927
