20667_2qbp              -9.719
20669_2qbr              -8.511
20670_2qbs              -8.758
23330_2qbq              -9.197
23466                   -7.632
23467                   -7.632
23468                   -8.360
23469                   -8.785
23470                   -8.113
23471                   -7.756
23472                   -8.126
23473                   -8.442
23474                   -8.566
23475                   -8.525
23476                   -8.621
23477_corr              -8.264
23479_corr              -8.744
23480                   -8.113
23482_corr              -8.374
23483                   -9.225
23484                   -9.568
23485                   -9.787
23486                   -9.719
