20667_2qbp             -10.062
20669_2qbr              -8.909
20670_2qbs              -8.991
23330_2qbq              -9.664
23466                   -8.072
23467                   -8.030
23468                   -8.689
23469                   -9.074
23470                   -8.634
23471                   -8.140
23472                   -8.442
23473                   -8.785
23474                   -8.923
23475                   -8.772
23476                   -8.909
23477_corr              -8.607
23479_corr              -8.936
23480                   -8.634
23482_corr              -8.730
23483                   -9.856
23484                   -9.911
23485                  -10.089
23486                  -10.062
