20667                            -50.984
20669                            -50.498
20670                            -50.686
23330                            -53.002
23466                            -47.062
23467                            -45.142
23468                            -49.630
23469                            -44.262
23470                            -50.653
23471                            -43.029
23472                            -35.342
23473                            -42.198
23474                            -45.405
23475                            -50.899
23476                            -46.093
23477                            -49.467
23479                            -50.123
23480                            -50.472
23482                            -44.302
23483                            -45.897
23484                            -48.474
23485                            -48.557
23486                            -52.782
