20667                            -66.240
20669                            -64.804
20670                            -65.407
23330                            -67.737
23466                            -60.972
23467                            -58.208
23468                            -62.341
23469                            -58.955
23470                            -64.336
23471                            -56.443
23472                            -46.638
23473                            -59.239
23474                            -61.227
23475                            -63.978
23476                            -61.128
23477                            -63.611
23479                            -65.039
23480                            -64.300
23482                            -58.527
23483                            -59.795
23484                            -70.591
23485                            -64.566
23486                            -68.465
