20667                            -24.046
20669                            -16.071
20670                            -19.213
23330                            -16.375
23466                            -14.689
23467                             -9.371
23468                            -16.140
23469                            -12.541
23470                            -13.870
23471                            -12.554
23472                              2.921
23473                            -10.495
23474                            -10.372
23475                            -19.788
23476                            -15.588
23477                            -19.768
23479                            -14.667
23480                            -12.799
23482                            -16.518
23483                            -19.020
23484                            -22.900
23485                            -20.358
23486                            -24.782
