20667                            -14.768
20669                             -4.600
20670                            -10.550
23330                             -5.716
23466                              3.372
23467                              1.720
23468                             -3.416
23469                              2.313
23470                              0.484
23471                              0.666
23472                              7.875
23473                              2.051
23474                              0.689
23475                             -6.220
23476                             -4.319
23477                             -4.441
23479                              3.222
23480                             -0.994
23482                              0.235
23483                             -6.098
23484                             -7.880
23485                             -8.561
23486                            -17.871
