20667                            -16.623
20669                             -5.627
20670                             -9.502
23330                             -4.003
23466                             -0.972
23467                              2.565
23468                             -5.043
23469                              0.625
23470                             -1.416
23471                             -1.417
23472                              0.942
23473                              4.571
23474                              4.827
23475                             -9.960
23476                             -3.818
23477                             -7.937
23479                             -1.920
23480                             -1.214
23482                             -2.565
23483                             -4.754
23484                             -4.465
23485                            -11.076
23486                            -17.253
