20667                            -16.214
20669                            -11.160
20670                            -13.732
23330                             -9.347
23466                            -10.558
23467                             -4.566
23468                             -9.120
23469                             -6.126
23470                             -5.714
23471                             -5.963
23472                              8.835
23473                             -3.975
23474                             -4.010
23475                            -14.460
23476                             -9.650
23477                            -14.427
23479                             -8.122
23480                             -5.677
23482                             -9.907
23483                            -13.836
23484                            -16.412
23485                            -12.348
23486                            -17.642
