20667                            -58.408
20669                            -59.893
20670                            -59.926
23330                            -60.709
23466                            -56.841
23467                            -53.403
23468                            -55.321
23469                            -52.540
23470                            -56.180
23471                            -49.852
23472                            -40.724
23473                            -52.718
23474                            -54.865
23475                            -58.650
23476                            -55.190
23477                            -58.270
23479                            -58.495
23480                            -57.179
23482                            -51.916
23483                            -54.612
23484                            -64.103
23485                            -56.556
23486                            -61.325
