20667                              3.230
20669                              5.925
20670                              2.270
23330                              9.828
23466                              9.896
23467                             13.879
23468                              8.606
23469                             15.163
23470                             14.318
23471                             12.859
23472                             15.124
23473                             17.035
23474                             17.122
23475                              1.300
23476                              8.708
23477                              4.090
23479                             11.519
23480                             15.467
23482                             11.515
23483                              9.059
23484                             12.719
23485                              8.993
23486                              0.996
