20667                              7.526
20669                              8.238
20670                              4.604
23330                             11.202
23466                             14.745
23467                             13.523
23468                             11.528
23469                             18.664
23470                             17.969
23471                             16.673
23472                             23.027
23473                             14.301
23474                             15.347
23475                              6.775
23476                             11.268
23477                              9.170
23479                             17.720
23480                             17.089
23482                             15.234
23483                             10.245
23484                             10.644
23485                             13.733
23486                              3.632
