20667                            -44.181
20669                            -46.163
20670                            -45.790
23330                            -46.888
23466                            -43.317
23467                            -40.993
23468                            -41.388
23469                            -38.701
23470                            -42.302
23471                            -37.888
23472                            -30.494
23473                            -36.916
23474                            -40.101
23475                            -46.336
23476                            -41.523
23477                            -44.830
23479                            -44.408
23480                            -44.158
23482                            -38.510
23483                            -40.795
23484                            -42.881
23485                            -41.162
23486                            -46.251
