20667                   -9.458
20669                   -8.483
20670                   -8.579
23330                   -8.703
23466                   -7.756
23467                   -7.797
23468                   -8.099
23469                   -8.538
23470                   -8.346
23471                   -8.058
23472                   -8.181
23473                   -8.140
23474                   -8.401
23475                   -8.332
23476                   -8.360
23477                   -8.332
23479                   -8.511
23480                   -8.525
23482                   -8.387
23483                   -8.703
23484                   -9.513
23485                   -9.623
23486                   -9.554
20667                   -9.458
20669                   -8.483
20670                   -8.579
23330                   -8.703
23466                   -7.756
23467                   -7.797
23468                   -8.099
23469                   -8.538
23470                   -8.346
23471                   -8.058
23472                   -8.181
23473                   -8.140
23474                   -8.401
23475                   -8.332
23476                   -8.360
23477                   -8.332
23479                   -8.511
23480                   -8.525
23482                   -8.387
23483                   -8.703
23484                   -9.513
23485                   -9.623
23486                   -9.554
