20667                  -10.899
20669                   -9.856
20670                   -9.760
23330                  -10.638
23466                   -8.813
23467                   -8.676
23468                   -9.403
23469                   -9.431
23470                   -9.884
23471                   -9.005
23472                   -9.321
23473                   -8.923
23474                   -9.156
23475                   -9.431
23476                   -9.582
23477                   -9.280
23479                   -9.609
23480                   -9.609
23482                   -9.499
23483                  -10.186
23484                  -10.666
23485                  -10.803
23486                  -10.872
20667                  -10.899
20669                   -9.856
20670                   -9.760
23330                  -10.638
23466                   -8.813
23467                   -8.676
23468                   -9.403
23469                   -9.431
23470                   -9.884
23471                   -9.005
23472                   -9.321
23473                   -8.923
23474                   -9.156
23475                   -9.431
23476                   -9.582
23477                   -9.280
23479                   -9.609
23480                   -9.609
23482                   -9.499
23483                  -10.186
23484                  -10.666
23485                  -10.803
23486                  -10.872
