20667                  -10.007
20669                   -8.936
20670                   -9.019
23330                   -9.458
23466                   -8.072
23467                   -8.044
23468                   -8.607
23469                   -8.868
23470                   -8.964
23471                   -8.291
23472                   -8.497
23473                   -8.387
23474                   -8.703
23475                   -8.758
23476                   -8.827
23477                   -8.621
23479                   -8.923
23480                   -8.854
23482                   -8.730
23483                   -9.197
23484                   -9.911
23485                  -10.048
23486                  -10.048
20667                  -10.007
20669                   -8.936
20670                   -9.019
23330                   -9.458
23466                   -8.072
23467                   -8.044
23468                   -8.607
23469                   -8.868
23470                   -8.964
23471                   -8.291
23472                   -8.497
23473                   -8.387
23474                   -8.703
23475                   -8.758
23476                   -8.827
23477                   -8.621
23479                   -8.923
23480                   -8.854
23482                   -8.730
23483                   -9.197
23484                   -9.911
23485                  -10.048
23486                  -10.048
