20667                   -9.664
20669                   -8.483
20670                   -8.717
23330                   -9.060
23466                   -7.632
23467                   -7.646
23468                   -8.332
23469                   -8.662
23470                   -8.662
23471                   -7.811
23472                   -8.017
23473                   -8.099
23474                   -8.538
23475                   -8.511
23476                   -8.525
23477                   -8.250
23479                   -8.662
23480                   -8.415
23482                   -8.305
23483                   -8.703
23484                   -9.568
23485                   -9.719
23486                   -9.691
20667                   -9.664
20669                   -8.483
20670                   -8.717
23330                   -9.060
23466                   -7.632
23467                   -7.646
23468                   -8.332
23469                   -8.662
23470                   -8.662
23471                   -7.811
23472                   -8.017
23473                   -8.099
23474                   -8.538
23475                   -8.511
23476                   -8.525
23477                   -8.250
23479                   -8.662
23480                   -8.415
23482                   -8.305
23483                   -8.703
23484                   -9.568
23485                   -9.719
23486                   -9.691
