17124                   -8.652
18624                   -9.172
18625                   -8.778
18626                   -8.379
18627                   -9.413
18628                   -9.235
18629                   -9.279
18630                   -9.355
18631                   -8.798
18632                   -9.492
18633                   -9.161
18634                   -8.530
18635                   -8.992
18636                   -9.899
18637                   -8.262
18638                   -8.995
18639                   -9.312
18652                   -8.898
18658                   -8.691
18659                   -8.846
18660                   -9.125
