17124                   -7.962
18624                   -7.879
18625                   -7.962
18626                   -7.921
18627                   -7.907
18628                   -8.003
18629                   -8.003
18630                   -7.962
18631                   -7.934
18632                   -7.866
18633                   -7.838
18634                   -7.921
18635                   -8.154
18636                   -7.989
18637                   -8.030
18638                   -7.838
18639                   -7.962
18652                   -8.085
18658                   -7.948
18659                   -7.907
18660                   -8.085
