20667 -12.563574295692154
20669 -2.5123661868499116
20670 -8.57263142067666
23330 -2.236928201678278
23466 5.169791443916449
23467 4.275343343033581
23468 -0.7887996571874298
23469 4.24324037342996
23470 3.6725100481713753
23471 3.400751045527721
23472 9.962278283705265
23473 4.138904719582817
23474 2.750729706559827
23475 -4.234382293816985
23476 -2.350965664209225
23477 -2.6165402707551504
23479 5.823480484796911
23480 1.7894723875738103
23482 2.9431600713753516
23483 -3.961629553097156
23484 -5.675012147505361
23485 -5.709446041594079
23486 -15.66616928620187
