20667 -6130.575100012698
20669 -6025.644764567547
20670 -6064.447029509879
23330 -6062.496614033319
23466 -6042.531773711835
23467 -6079.1969703980885
23468 -6100.70059917501
23469 -6055.401347287529
23470 -6097.688286875403
23471 -6127.417455190291
23472 -6142.534553122206
23473 -6054.273128147149
23474 -6058.29484308167
23475 -6057.549940529026
23476 -6059.877999488382
23477 -6099.25921273605
23479 -6098.851800192181
23480 -6137.920634459352
23482 -6142.945462978163
23483 -6110.83121212548
23484 -6135.863638697841
23485 -6135.962363386804
23486 -6144.313315366965
