17                                -7.040
1h1q                              -8.180
1h1r                              -7.670
1h1s                             -11.250
1oi9                              -9.740
1oiu                              -9.080
1oiy                              -9.790
20                                -8.720
21                                -7.830
22                                -7.860
26                                -8.430
28                               -11.110
29                                -9.880
30                                -9.810
31                                -9.540
32                                -9.750
