17124                             -9.680
18624                             -8.490
18625                             -8.110
18626                             -8.870
18627                             -8.480
18628                             -8.700
18629                             -8.670
18630                             -9.140
18631                             -9.410
18632                             -9.080
18633                             -9.170
18634                             -9.990
18635                             -7.290
18636                             -7.510
18637                            -10.140
18638                            -10.090
18639                             -9.740
18652                            -10.680
18658                             -9.700
18659                             -9.470
18660                             -8.700
