17                               -23.274
1h1q                             -19.972
1h1r                             -23.156
1h1s                              -5.778
1oi9                             -25.813
1oiu                              -3.449
1oiy                             -20.489
20                               -20.443
21                               -18.357
22                               -21.464
26                               -10.464
28                                -6.531
29                                -8.121
30                                26.388
31                               -13.768
32                               -11.830
