17                               -26.236
1h1q                             -23.305
1h1r                             -26.064
1h1s                             -15.919
1oi9                             -28.814
1oiu                              -8.184
1oiy                             -27.464
20                               -23.716
21                               -21.267
22                               -24.116
26                               -22.208
28                               -18.397
29                               -18.425
30                                17.707
31                               -24.531
32                               -19.077
