20667_2qbp             -10.256
20669_2qbr             -10.940
20670_2qbs             -10.600
23330_2qbq             -11.498
23466                   -9.363
23467                  -10.407
23468                  -10.614
23469                  -11.157
23470                  -10.736
23471                  -10.802
23472                  -10.619
23473                  -11.709
23474                   -9.155
23475                   -9.227
23476                  -10.787
23477_corr              -9.237
23479_corr             -11.197
23480                  -10.736
23482_corr             -11.326
23483                  -10.420
23484                   -9.160
23485                   -8.382
23486                   -8.529
