20667_2qbp              -9.485
20669_2qbr              -8.483
20670_2qbs              -8.566
23330_2qbq              -8.840
23466                   -7.728
23467                   -7.756
23468                   -8.168
23469                   -8.566
23470                   -8.140
23471                   -7.907
23472                   -8.044
23473                   -8.401
23474                   -8.428
23475                   -8.332
23476                   -8.428
23477_corr              -8.291
23479_corr              -8.566
23480                   -8.140
23482_corr              -8.428
23483                   -9.170
23484                   -9.485
23485                   -9.650
23486                   -9.527
