20667_2qbp                       -11.420
20669_2qbr                        -8.610
20670_2qbs                        -9.080
23330_2qbq                       -10.130
23466                             -7.850
23467                             -7.340
23468                             -7.750
23469                             -7.720
23470                             -7.720
23471                             -7.750
23472                             -8.650
23473                             -8.390
23474                             -9.110
23475                             -8.720
23476                             -9.410
23477_corr                        -8.850
23479_corr                        -9.140
23480                             -8.720
23482_corr                       -10.010
23483                             -9.870
23484                             -7.750
23485                            -11.010
23486                            -12.470
