17                               -24.597
1h1q                             -22.277
1h1r                             -24.771
1h1s                              10.444
1oi9                             -24.368
1oiu                              -4.376
1oiy                             -23.980
20                               -18.505
21                               -18.904
22                               -18.091
26                               -24.588
28                                 4.315
29                                -6.902
30                                14.407
31                               -17.728
32                                -4.789
