17                               -32.627
1h1q                             -33.900
1h1r                             -33.798
1h1s                             -32.860
1oi9                             -35.184
1oiu                             -24.102
1oiy                             -38.694
20                               -39.580
21                               -32.544
22                               -28.736
26                               -35.923
28                               -32.445
29                               -30.592
30                               -30.469
31                               -28.233
32                               -30.193
