17                               -38.293
1h1q                             -38.240
1h1r                             -38.676
1h1s                             -37.717
1oi9                             -36.428
1oiu                             -29.737
1oiy                             -39.820
20                               -46.161
21                               -35.730
22                               -34.062
26                               -40.421
28                               -44.546
29                               -35.477
30                               -37.844
31                               -32.365
32                               -30.946
