17                               -29.639
1h1q                             -26.932
1h1r                             -29.589
1h1s                             -20.400
1oi9                             -27.394
1oiu                             -12.610
1oiy                             -31.218
20                               -35.260
21                               -27.210
22                               -30.711
26                               -27.804
28                               -20.051
29                               -21.204
30                               -23.495
31                               -26.913
32                               -19.626
