17                               -36.616
1h1q                             -36.564
1h1r                             -37.093
1h1s                             -41.836
1oi9                             -35.936
1oiu                             -33.331
1oiy                             -40.188
20                               -45.037
21                               -36.491
22                               -35.651
26                               -37.762
28                               -44.966
29                               -36.021
30                               -37.416
31                               -31.810
32                               -30.595
