17                               -28.989
1h1q                             -29.971
1h1r                             -30.126
1h1s                             -18.161
1oi9                             -30.689
1oiu                             -18.727
1oiy                             -30.002
20                               -30.326
21                               -26.413
22                               -21.435
26                               -30.025
28                               -18.817
29                               -20.168
30                               -13.745
31                               -18.486
32                               -21.480
