17                               -35.164
1h1q                             -35.294
1h1r                             -35.547
1h1s                             -32.710
1oi9                             -33.478
1oiu                             -26.027
1oiy                             -36.398
20                               -43.188
21                               -32.038
22                               -29.999
26                               -36.300
28                               -33.326
29                               -29.339
30                               -31.240
31                               -27.808
32                               -26.042
