17                               -20.046
1h1q                             -17.674
1h1r                             -20.271
1h1s                              30.467
1oi9                             -19.818
1oiu                               3.596
1oiy                             -16.850
20                               -12.173
21                               -12.621
22                                -9.325
26                               -18.739
28                                28.284
29                                 2.906
30                                42.915
31                                -8.307
32                                 4.575
