17                               -26.510
1h1q                             -23.986
1h1r                             -26.460
1h1s                             -15.393
1oi9                             -24.445
1oiu                              -8.900
1oiy                             -27.796
20                               -32.287
21                               -23.517
22                               -26.648
26                               -23.682
28                                -8.832
29                               -15.066
30                               -16.891
31                               -22.355
32                               -14.722
