17                               -33.583
1h1q                             -33.527
1h1r                             -34.039
1h1s                             -33.266
1oi9                             -32.511
1oiu                             -30.433
1oiy                             -35.856
20                               -40.235
21                               -32.334
22                               -32.052
26                               -32.837
28                               -38.750
29                               -29.426
30                               -29.842
31                               -26.593
32                               -25.061
