17                      -9.293
1h1q                    -9.170
1h1r                    -9.266
1h1s                    -9.362
1oi9                    -9.142
1oiu                    -9.142
1oiy                    -9.389
20                      -9.087
21                      -9.060
22                      -9.238
26                      -9.142
28                      -9.321
29                      -9.225
30                      -9.307
31                      -9.060
32                      -8.964
17                      -9.293
1h1q                    -9.170
1h1r                    -9.266
1h1s                    -9.362
1oi9                    -9.142
1oiu                    -9.142
1oiy                    -9.389
20                      -9.087
21                      -9.060
22                      -9.238
26                      -9.142
28                      -9.321
29                      -9.225
30                      -9.307
31                      -9.060
32                      -8.964
