17                      -9.334
1h1q                    -8.978
1h1r                    -9.238
1h1s                    -9.719
1oi9                    -9.129
1oiu                    -9.019
1oiy                    -9.444
20                      -9.183
21                      -9.142
22                      -9.101
26                      -9.170
28                      -9.691
29                      -9.321
30                      -9.650
31                      -9.115
32                      -9.197
17                      -9.334
1h1q                    -8.978
1h1r                    -9.238
1h1s                    -9.719
1oi9                    -9.129
1oiu                    -9.019
1oiy                    -9.444
20                      -9.183
21                      -9.142
22                      -9.101
26                      -9.170
28                      -9.691
29                      -9.321
30                      -9.650
31                      -9.115
32                      -9.197
