17                      -8.813
1h1q                    -8.772
1h1r                    -8.799
1h1s                    -9.115
1oi9                    -8.813
1oiu                    -8.881
1oiy                    -9.101
20                      -8.950
21                      -8.827
22                      -8.936
26                      -8.868
28                      -9.156
29                      -8.991
30                      -9.129
31                      -8.785
32                      -8.827
17                      -8.813
1h1q                    -8.772
1h1r                    -8.799
1h1s                    -9.115
1oi9                    -8.813
1oiu                    -8.881
1oiy                    -9.101
20                      -8.950
21                      -8.827
22                      -8.936
26                      -8.868
28                      -9.156
29                      -8.991
30                      -9.129
31                      -8.785
32                      -8.827
