17                      -9.142
1h1q                    -8.978
1h1r                    -9.101
1h1s                    -9.403
1oi9                    -9.032
1oiu                    -9.019
1oiy                    -9.321
20                      -9.074
21                      -9.005
22                      -9.087
26                      -9.060
28                      -9.389
29                      -9.183
30                      -9.362
31                      -8.978
32                      -8.991
17                      -9.142
1h1q                    -8.978
1h1r                    -9.101
1h1s                    -9.403
1oi9                    -9.032
1oiu                    -9.019
1oiy                    -9.321
20                      -9.074
21                      -9.005
22                      -9.087
26                      -9.060
28                      -9.389
29                      -9.183
30                      -9.362
31                      -8.978
32                      -8.991
