17124                   -8.634
18624                   -8.017
18625                   -8.140
18626                   -8.277
18627                   -8.236
18628                   -8.181
18629                   -8.126
18630                   -8.209
18631                   -8.428
18632                   -8.085
18633                   -8.154
18634                   -8.470
18635                   -8.003
18636                   -8.126
18637                   -8.538
18638                   -8.442
18639                   -8.648
18652                   -8.730
18658                   -8.236
18659                   -8.401
18660                   -8.730
