17124                   -7.255
18624                   -5.207
18625                   -5.767
18626                   -6.449
18627                   -6.395
18628                   -5.680
18629                   -5.270
18630                   -5.506
18631                   -5.314
18632                   -5.005
18633                   -5.323
18634                   -5.635
18635                   -5.491
18636                   -6.503
18637                   -6.170
18638                   -6.324
18639                   -5.900
18652                   -6.842
18658                   -6.268
18659                   -6.338
18660                   -7.711
