17124                   -8.199
18624                   -8.177
18625                   -8.189
18626                   -8.184
18627                   -8.170
18628                   -8.194
18629                   -8.175
18630                   -8.185
18631                   -8.190
18632                   -8.198
18633                   -8.185
18634                   -8.208
18635                   -8.216
18636                   -8.180
18637                   -8.255
18638                   -8.217
18639                   -8.225
18652                   -8.231
18658                   -8.231
18659                   -8.273
18660                   -8.168
