17124                            -24.475
18624                            -23.198
18625                            -22.461
18626                            -24.399
18627                            -24.345
18628                            -23.742
18629                            -24.841
18630                            -24.049
18631                            -24.025
18632                            -21.322
18633                            -22.587
18634                            -24.113
18635                            -23.022
18636                            -26.181
18637                            -24.280
18638                            -13.916
18639                            -21.589
18652                            -22.827
18658                            -23.644
18659                            -22.992
18660                              4.659
