17124                            -25.241
18624                            -23.007
18625                            -24.686
18626                            -23.338
18627                            -23.924
18628                            -24.082
18629                            -24.532
18630                            -23.752
18631                            -24.624
18632                            -21.911
18633                            -22.612
18634                            -24.461
18635                            -24.480
18636                            -26.473
18637                            -25.410
18638                            -15.807
18639                            -22.696
18652                            -27.398
18658                            -24.863
18659                            -22.524
18660                            -11.905
