17124                   -8.785
18624                   -8.607
18625                   -9.046
18626                   -8.991
18627                   -8.991
18628                   -8.621
18629                   -8.827
18630                   -8.936
18631                   -8.634
18632                   -8.428
18633                   -8.374
18634                   -8.483
18635                   -9.087
18636                   -9.499
18637                   -8.579
18638                   -8.236
18639                   -8.346
18652                   -8.703
18658                   -8.264
18659                   -8.085
18660                   -8.305
