17124                   -8.140
18624                   -8.113
18625                   -8.346
18626                   -8.264
18627                   -8.264
18628                   -8.223
18629                   -8.277
18630                   -8.277
18631                   -8.099
18632                   -7.989
18633                   -7.975
18634                   -8.017
18635                   -8.497
18636                   -8.552
18637                   -8.126
18638                   -7.838
18639                   -7.934
18652                   -8.209
18658                   -7.838
18659                   -7.728
18660                   -7.934
