17124                   -7.673
18624                   -7.838
18625                   -8.030
18626                   -7.893
18627                   -7.907
18628                   -8.044
18629                   -8.003
18630                   -7.921
18631                   -7.742
18632                   -7.673
18633                   -7.701
18634                   -7.646
18635                   -8.250
18636                   -8.154
18637                   -7.770
18638                   -7.468
18639                   -7.509
18652                   -7.824
18658                   -7.317
18659                   -7.207
18660                   -7.399
