23                     -10.295
26                     -10.323
27                      -8.950
28                      -9.280
29                     -10.240
30                      -9.527
31                     -10.254
32                      -9.472
33                      -9.444
34                     -10.515
35                      -9.911
36                     -10.062
37                      -9.458
38                     -10.886
39                      -9.636
40                      -9.829
41                      -8.868
42                     -10.213
43                     -10.131
44                     -10.886
45                     -10.556
46                     -10.213
47                      -9.527
48                      -9.801
49                      -9.664
50                     -10.144
51                     -10.089
52                     -10.487
53                     -10.487
54                     -10.364
56                     -10.199
57                     -10.419
58                     -10.652
60                     -10.131
61                      -9.884
62                     -10.199
63                     -10.515
64                     -10.350
65                     -10.364
66                     -10.446
67                     -10.035
68                     -10.474
