23                     -10.172
26                     -10.144
27                      -8.923
28                      -9.197
29                      -9.389
30                      -9.252
31                      -9.334
32                      -9.211
33                      -9.115
34                      -9.293
35                      -9.444
36                      -9.650
37                      -9.733
38                     -10.638
39                     -10.172
40                     -10.062
41                      -9.856
42                     -10.144
43                     -10.007
44                     -10.323
45                     -10.186
46                      -9.733
47                      -9.458
48                      -9.307
49                      -9.403
50                      -9.870
51                     -10.076
52                      -9.678
53                     -10.035
54                     -10.364
56                      -9.842
57                     -10.186
58                     -10.076
60                      -9.815
61                      -9.815
62                     -10.158
63                     -10.062
64                     -10.378
65                      -9.925
66                     -10.295
67                      -9.815
68                     -10.282
