23                                -8.830
26                                -8.240
27                                -6.120
28                                -6.620
29                                -6.940
30                                -7.850
31                                -7.920
32                                -6.580
33                                -6.880
34                                -6.870
35                                -8.810
36                                -8.180
37                                -8.950
38                                -7.020
39                                -7.030
40                                -7.250
41                                -7.130
42                                -8.900
43                                -7.030
44                                -8.670
45                                -8.950
46                                -7.600
47                                -5.780
48                                -6.660
49                                -8.360
50                                -9.330
51                                -8.450
52                                -9.230
53                                -9.960
54                                -9.780
56                                -9.260
57                                -9.040
58                                -9.410
60                                -8.920
61                                -8.080
62                                -7.960
63                                -9.060
64                                -9.500
65                                -8.410
66                                -8.430
67                                -7.580
68                                -7.690
