23                     -10.357
26                      -9.772
27                      -9.321
28                      -9.764
29                     -10.879
30                      -9.864
31                     -10.080
32                      -9.800
33                      -9.757
34                      -9.306
35                     -10.105
36                     -10.415
37                     -10.207
38                     -11.126
39                      -9.804
40                     -10.246
41                     -10.063
42                     -10.190
43                      -9.768
44                     -10.368
45                     -10.407
46                     -10.328
47                      -9.748
48                      -9.886
49                     -10.872
50                     -11.383
51                      -9.982
52                     -10.430
53                     -10.713
54                     -10.276
56                     -10.584
57                     -10.525
58                     -10.901
60                      -9.936
61                     -10.928
62                      -9.579
63                     -10.788
64                     -10.460
65                     -11.142
66                     -10.157
67                     -10.238
68                     -10.973
