23                      -8.873
26                      -8.804
27                      -7.792
28                      -7.773
29                      -9.042
30                      -8.251
31                      -8.842
32                      -7.854
33                      -8.349
34                      -8.573
35                      -8.479
36                      -8.878
37                      -8.710
38                      -8.869
39                      -9.087
40                      -8.933
41                      -9.213
42                      -9.109
43                      -8.170
44                      -9.205
45                      -9.132
46                      -8.158
47                      -8.835
48                      -8.549
49                      -8.256
50                      -9.246
51                      -9.238
52                      -9.307
53                      -9.604
54                      -9.512
56                      -9.170
57                      -8.500
58                      -9.496
60                      -9.157
61                      -8.922
62                      -9.139
63                      -9.459
64                      -9.446
65                      -9.181
66                      -9.053
67                      -8.966
68                      -8.969
