23                      -8.511
26                      -8.425
27                      -8.235
28                      -8.255
29                      -8.283
30                      -8.257
31                      -8.260
32                      -8.247
33                      -8.226
34                      -8.284
35                      -8.236
36                      -8.233
37                      -8.221
38                      -8.398
39                      -8.375
40                      -8.319
41                      -8.270
42                      -8.387
43                      -8.264
44                      -8.338
45                      -8.323
46                      -8.249
47                      -8.193
48                      -8.201
49                      -8.233
50                      -8.197
51                      -8.318
52                      -8.201
53                      -8.214
54                      -8.375
56                      -8.227
57                      -8.370
58                      -8.302
60                      -8.301
61                      -8.263
62                      -8.428
63                      -8.314
64                      -8.497
65                      -8.289
66                      -8.504
67                      -8.219
68                      -8.389
