23                               -18.781
26                               -19.137
27                               -15.841
28                                -7.317
29                               -21.260
30                               -18.910
31                               -20.855
32                               -17.317
33                               -20.770
34                               -19.208
35                               -22.831
36                               -22.712
37                               -15.637
38                                -3.733
39                                23.499
40                                 2.477
41                                50.038
42                               -18.412
43                               -15.895
44                               -21.484
45                               -19.768
46                               -21.710
47                                -5.394
48                               -17.203
49                               -14.192
50                               -25.705
51                                -9.236
52                               -20.931
53                               -24.130
54                               -17.980
56                               -25.541
57                               -17.682
58                               -23.301
60                               -26.601
61                               -17.287
62                                -9.650
63                               -23.129
64                               -15.309
65                               -29.129
66                               -20.819
67                               -28.019
68                               -20.201
