23                               -23.791
26                               -23.145
27                               -19.040
28                               -17.062
29                               -26.010
30                               -21.864
31                               -25.388
32                               -20.902
33                               -23.324
34                               -24.699
35                               -25.236
36                               -28.544
37                               -24.350
38                               -14.305
39                                -6.926
40                                -8.281
41                               -23.613
42                               -23.373
43                               -22.144
44                               -26.142
45                               -26.919
46                               -25.192
47                               -16.304
48                               -21.286
49                               -22.675
50                               -29.633
51                               -20.239
52                               -29.041
53                               -32.880
54                               -26.648
56                               -28.766
57                               -23.185
58                               -32.597
60                               -29.106
61                               -26.625
62                               -20.577
63                               -32.326
64                               -26.434
65                               -31.263
66                               -25.667
67                               -30.087
68                               -26.909
