23                      -9.252
26                      -9.225
27                      -8.346
28                      -8.621
29                      -8.717
30                      -8.689
31                      -8.593
32                      -8.676
33                      -8.566
34                      -8.566
35                      -8.881
36                      -9.005
37                      -9.142
38                      -9.609
39                      -9.225
40                      -9.211
41                      -9.115
42                      -9.238
43                      -9.156
44                      -9.444
45                      -9.403
46                      -9.101
47                      -8.730
48                      -8.621
49                      -8.785
50                      -9.293
51                      -9.101
52                      -9.156
53                      -9.513
54                      -9.499
56                      -9.280
57                      -9.280
58                      -9.540
60                      -9.252
61                      -9.183
62                      -9.183
63                      -9.527
64                      -9.499
65                      -9.321
66                      -9.334
67                      -9.252
68                      -9.403
