23                     -10.570
26                     -10.529
27                      -9.074
28                      -9.389
29                      -9.636
30                      -9.458
31                      -9.582
32                      -9.403
33                      -9.170
34                      -9.527
35                      -9.540
36                      -9.870
37                      -9.870
38                     -11.078
39                     -10.350
40                     -10.419
41                      -9.952
42                     -10.529
43                     -10.323
44                     -10.556
45                     -10.748
46                     -10.131
47                      -9.650
48                      -9.540
49                      -9.348
50                      -9.870
51                     -10.323
52                      -9.664
53                     -10.062
54                     -10.611
56                      -9.980
57                     -10.542
58                     -10.103
60                      -9.980
61                      -9.842
62                     -10.419
63                     -10.103
64                     -10.638
65                      -9.993
66                     -10.584
67                      -9.966
68                     -10.501
