23                     -10.707
26                     -10.666
27                      -9.321
28                      -9.595
29                      -9.815
30                      -9.609
31                      -9.815
32                      -9.582
33                      -9.609
34                      -9.787
35                      -9.897
36                     -10.089
37                     -10.172
38                     -11.229
39                     -10.913
40                     -10.570
41                     -10.487
42                     -10.680
43                     -10.556
44                     -10.968
45                     -10.405
46                      -9.952
47                      -9.980
48                      -9.760
49                     -10.062
50                     -10.433
51                     -10.817
52                     -10.227
53                     -10.542
54                     -10.995
56                     -10.254
57                     -10.721
58                     -10.584
60                     -10.227
61                     -10.419
62                     -10.872
63                     -10.570
64                     -11.009
65                     -10.460
66                     -10.940
67                     -10.213
68                     -10.927
